1 0.6372950819672131 0.48451730418943534 0.49863387978142076 0.8706739526411658
1 0.29454545454545455 0.505464480874317 0.5454545454545454 0.5846994535519126
0 0.7618181818181818 0.5983606557377049 0.36 0.3551912568306011
0 0.4716981132075472 0.46226415094339623 0.5849056603773585 0.8867924528301887
0 0.5 0.578177727784027 0.83 0.8110236220472441
1 0.500625 0.526060606060606 0.91875 0.8945454545454545
1 0.31237721021611004 0.4424778761061947 0.275049115913556 0.56047197640118
0 0.6394891944990176 0.588495575221239 0.3280943025540275 0.3392330383480826
1 0.7465 0.5202020202020202 0.269 0.3939393939393939
0 0.4545 0.5606060606060606 0.267 0.2727272727272727
